[gd_scene load_steps=9 format=3 uid="uid://clnadfclah5jd"]

[ext_resource type="PackedScene" uid="uid://cx0jsy5cbcas1" path="res://scen/world/start_scen_part_1.tscn" id="1_cmidu"]
[ext_resource type="PackedScene" uid="uid://nx41qrscql5t" path="res://scen/world/start_scen_part_2.tscn" id="2_d24l0"]
[ext_resource type="PackedScene" uid="uid://d3ocpnt8v7kyf" path="res://scen/Plane/door.tscn" id="4_n8ioy"]
[ext_resource type="PackedScene" uid="uid://ktintwnv7nhn" path="res://scen/interacteble_object/button.tscn" id="5_xlrbf"]
[ext_resource type="PackedScene" uid="uid://db2rs7y6a43sq" path="res://scen/Items_scen/wepon_item.tscn" id="7_srqqf"]
[ext_resource type="PackedScene" uid="uid://bsnc2360770ua" path="res://scen/world/start_scen_3.tscn" id="8_3eacg"]
[ext_resource type="PackedScene" uid="uid://drs6xh7pwy5of" path="res://scen/Items_scen/item_proparti.tscn" id="8_v5sdq"]
[ext_resource type="PackedScene" uid="uid://d38kswk0y5h57" path="res://scen/Player/player.tscn" id="9_yb4ga"]

[node name="DEMO_WOLD" type="Node3D"]

[node name="Start_scen_part_1" parent="." instance=ExtResource("1_cmidu")]
transform = Transform3D(-4.37114e-08, 0, 1, 0, 1, 0, -1, 0, -4.37114e-08, 0, 1, 17.2449)

[node name="start_scen_part_2" parent="." instance=ExtResource("2_d24l0")]
transform = Transform3D(-1, 0, -8.74228e-08, 0, 1, 0, 8.74228e-08, 0, -1, 0, 0, -17.6755)

[node name="Door" parent="." instance=ExtResource("4_n8ioy")]
transform = Transform3D(2, 0, 0, 0, 2, 0, 0, 0, 0.2, 0, 1, 8.5)

[node name="Button" parent="." instance=ExtResource("5_xlrbf")]
transform = Transform3D(-4.37114e-08, -1, 0, 1, -4.37114e-08, 0, 0, 0, 1, -8, 5.20908, 16.8152)

[node name="WeponItem" parent="." instance=ExtResource("7_srqqf")]
transform = Transform3D(0.867086, 0, -0.498158, 0, 1, 0, 0.498158, 0, 0.867086, 4.07729, 3.58019, 18.3212)
wepon_export = 1

[node name="ItemProparti" parent="." instance=ExtResource("8_v5sdq")]
transform = Transform3D(0.867086, 0, -0.498158, 0, 1, 0, 0.498158, 0, 0.867086, 6, 1.5, 12)
proparti_enum_export = 1
count_proparti_export = 50
item_rotate = "res://model/items/border.blend"

[node name="ItemProparti2" parent="." instance=ExtResource("8_v5sdq")]
transform = Transform3D(0.867086, 0, -0.498158, 0, 1, 0, 0.498158, 0, 0.867086, -6, 1.5, 24)
count_proparti_export = 50
item_rotate = "res://model/items/Heel.blend"

[node name="Player" parent="." instance=ExtResource("9_yb4ga")]
transform = Transform3D(1, 0, 0, 0, 1, 0, 0, 0, 1, 4.4335, 2, 22)
heal_export = 100
damage_export = 10
speed_export = 10.0
armor_export = 100

[node name="ItemProparti3" parent="." instance=ExtResource("8_v5sdq")]
transform = Transform3D(0.867086, 0, -0.498158, 0, 1, 0, 0.498158, 0, 0.867086, -7.12563, 4, 15.2572)
proparti_enum_export = 3
count_proparti_export = 1

[node name="ItemProparti4" parent="." instance=ExtResource("8_v5sdq")]
transform = Transform3D(0.867086, 0, -0.498158, 0, 1, 0, 0.498158, 0, 0.867086, -24.3073, 1, -11.8513)
count_proparti_export = 50
item_rotate = "res://model/items/Heel.blend"

[node name="ItemProparti5" parent="." instance=ExtResource("8_v5sdq")]
transform = Transform3D(0.867086, 0, -0.498158, 0, 1, 0, 0.498158, 0, 0.867086, 22.0847, 7.96193, -1.64586)
proparti_enum_export = 4
count_proparti_export = 1

[node name="WeponItem2" parent="." instance=ExtResource("7_srqqf")]
transform = Transform3D(0.867086, 0, -0.498158, 0, 1, 0, 0.498158, 0, 0.867086, -13.8752, 9, -10.6778)
wepon_export = 3

[node name="WeponItem3" parent="." instance=ExtResource("7_srqqf")]
transform = Transform3D(0.867086, 0, -0.498158, 0, 1, 0, 0.498158, 0, 0.867086, 8.51575, 4.24236, -101.541)
wepon_export = 4

[node name="ItemProparti6" parent="." instance=ExtResource("8_v5sdq")]
transform = Transform3D(0.867086, 0, -0.498158, 0, 1, 0, 0.498158, 0, 0.867086, 27.8376, 1, -13.9417)
proparti_enum_export = 1
count_proparti_export = 50
item_rotate = "res://model/items/border.blend"

[node name="start_scen_3" parent="." instance=ExtResource("8_3eacg")]
transform = Transform3D(-1, 0, -8.74228e-08, 0, 1, 0, 8.74228e-08, 0, -1, 0, 0, -99.3)

[node name="WeponItem4" parent="." instance=ExtResource("7_srqqf")]
transform = Transform3D(0.867086, 0, -0.498158, 0, 1, 0, 0.498158, 0, 0.867086, 1.21743, 6.14003, -105.541)
wepon_export = 2

[node name="Door2" parent="." instance=ExtResource("4_n8ioy")]
transform = Transform3D(4.33013, 0, 0.25, 0, 7, 0, -2.5, 0, 0.433013, -2.845, 0, -78.5064)

[node name="Door3" parent="." instance=ExtResource("4_n8ioy")]
transform = Transform3D(4.33013, 0, -0.25, 0, 7, 0, 2.5, 0, 0.433013, 5.35, 0, -78.486)

[connection signal="interacted" from="Button" to="Door" method="_on_button_interacted"]
